$ANSIBLE_VAULT;1.1;AES256
32326133386565396530653065646261633038383033346437626233613536323763373864653830
3935623730646164323135383266626230323930383534640a363361636438376332393962636437
32303866356630356234616233306630373066666238313162396264623637383636633437346565
3330383933326337660a663239333162326337393636376664306539316135633237653561643964
36333134646363663966626261396133646437326336323964373033656261303830636566373165
62353464356236336238366632646566363963646637333166376531396666363465356338343131
34623730613935613965336332336637616461663864633336633338633734663632353762626465
33303038623035333930383761633034646138656331333633386161353734333265663931653738
62393534666535366265613339333832306332303236356338333532363261653539303135633265
35373639393538366565356231323134353834313938333238626136306266386563373035633961
35366536373135633864356130346461396363336636356163633030326463396564376333356264
64366534353231393330303938663637656262343038336137623736323732663134333262643762
34326238313431626231346265653066663962353365353736373635623536353765313430386433
61626135313030613032343838633937306339653564616639353238376231633330623435633335
65396633396361346639383936616231633234303861353333613033373232393766303764393563
36353930333433323332636339303464666432383162363737626430396462643736653865336135
64376265636636343339343630653834343661636266653631366536333164636563323966313331
66616364306532636234313634653162633434663635343333386464303636323736376162663437
35383736333964643337393537353465323965326230356532383131303037656536653864383839
35323831373638306264313766316264303234656161626562613966646463653266666133323932
35333562353230346263306165643365323630323065396163383665656661356264373637663836
66613133383033363736613136643566613930306634316366383033656563623162326534396166
33306666626264616234396336333763393537343133316361653636633463363933613061393832
34623331353865306430336232303833383166316162663630636663346635623966396231376332
64386637336363366539633338663736303030363435653234303866626463373938383764373831
36626262656234353132373564393239323330666637646331633430373634366561393231396333
30376232343765666164383735343135346231653435353137326565623763396239653132616566
32336635353461613666363130353931396336323463343231313530613339393132316635643935
39373764666262353838313430643536616563383330336462643066316331323535356435633366
62306561326532643332393435343635633638633533396131303635636634396133366466333738
65363037363032643834616435616566306330346365376266303933663338323539326138323462
32323161343766643363383032653633653063356661623766393964633435386130613666313164
64656139316231373338343535346430363763633230653336313334663835366363613239633738
65316535333063366164306535396538363833326563383161333865623761306361383261336536
38373831353765353061323663646231393230616561636534326631646261623364363865353234
30356236393661633063376366313265616435363531393931653334666631653432373836373663
61666639386263336135393733323239383431613362343039633433333937396136373030653633
65616161313166306264643435333634633663376561653630656662363730393435356162623536
36363164646533376563653238653962313539383031336130633338393564393063386236633131
34333433623465653665396337656436666662333239323734653135663333616338333932363039
35393262323334613031353763636236313735373961306262363836636332303034396434333164
65643363613064316335643662666165663862633332623930616635653135363439303839623262
35616365663266663262386465316234343133326466396432303366326564653131343464306439
63343838313937373136363231646164633062313939666662646566393963623265303136336362
65623034323061653764303738626433306235383435336237636163613135643465323336373765
33666638633633643165363133313437636661323439323462646137346538613132306330653334
34323262383931663937386563333039376639363732623330643830323039666462653532666531
39366534333665313165396237356234623738326632316430636166653836313235306664383865
32356262626631643036653733643939313733393561633935336462353038333164363931643636
33636535373464383836613063323537393333316131306663303435613865323831633662633765
66386533346463623739633136663365643738356536633333346662613335356365383039366330
61343232343064666139306164346632373664633136323463396561353065353633343366326663
35313331386231373162373735376339636130303666643932376263646532356630303235366636
65613835356636333431383162663832336539343637316163666534393537636266353532306635
39326430303737353734623565636365356433613538316163326635343836646638633730306264
30373739366437333632613235373235393366333664653335363661313031396436316336353963
61363938623930333263306534356165613061313537343334363138303534313236643137393031
39643163366465353431386632366238383937376231623662633061363663656362316431373430
30353533663266306533393630663732303436626263316563656135613666636530333133336235
37656665313436313330373565386362373962393539643430643866613239303834653664313934
32306133303835336335663934653332383532626162323234616661633763376663343036313232
31616334353936373363366536396634613038663339663333636636356638373164613863633938
65663736653766303433633861663937313865396338623763346130653436616563663835633363
61333036646132343839313631373932366632393230396635616633643035663935343239366366
63353862636235336530643162613733363130376332323862326139663739623231626663386535
38633331636265666461613436353837663136376234663537343163376236313864663236363966
34356630626430353134613239653633306230363737393364323138313630613339306365393330
32663566333539393561383262306364363839343031353936303738643437656639613139323135
63346538383436646336313835623631613966666564663064613937376139653035366134356634
30643634383939303938356433376361353236316130323763323463323332636165336338333632
34616464376261613063353833353836336630396265613337643634653934376365356335363265
63343439323736633638646534336261343433393639653263616363313234316165343435393834
64643934353961313032383561646361653335353937393462643437326235393639663966366438
62343835623238346235636339633734363139633230376262356236323662663864653766666331
36613261373161333731666235643264386139656232653734336362613262343535346362653930
61343933633834366132346363356137393430333434313637303432666535613236653235316533
30323836336638323837353335346263306232666663666261343465383361333438353832626637
37383763396265363065386563343166643636646661343939356539656161636231303462656437
63656562613261663361626537666336313434333136303962333466333366653638303535316431
64643832333535393433306533326238303736313232636430343734656637326639653365386666
39313439333232346531343139343039626432653065646565633631633437646531333734656564
33633230643337313731303830303539313232303565326138626436643139613331626130376635
36653737353839633032363133373135666663663635343539626133303232336135353037643963
34346134643362346434323435376339306630343631316161393763663535333032633364366566
34383735666537323736373233396362616135633862336238336437343764336362383431326436
38373530373962333963346462303435383866353532383632633033383331323734393262373934
30626235356562646638616561333230333063663761313438306430626132366536613138623938
61656336653839376163303132306430646436323334383238653832363534336439646334303461
65353933323736303134346365653565313830623561643634616264656635353930366637306663
39376231646163663539613432366261613339666463623862306465306432616365363764376264
34653832303437626333333630396565373037663536353562386634383533386331663465363639
38376663646162353766633837363864616563333430643931613634353232363061336463616363
63383533633035616566623133313530306135303036363666663136623030626232393937613139
33666634656232333132386363383631303061636330346264373039336230653539643430336636
39653663613564656536353361643333663665303562666636623136616566393965366162313030
62303235653539386330613739636634336631343564393064396232343062333432303135643736
35333766636462653337343838663833363437363536303630623038663533653764353635313633
35393138663438363466356566393338386364663230353864663634646664653164623036636436
35396234373539633538373538643263653366353533306230613866323961316537376164373531
37303434623333626166373366623562316162653835343037663030313763363665653466363333
36356331643230353766386334646363333833623564393934313330363962393936653537666366
35646137333565333032623332313237333238383632356663363031646634383232636636303932
33336439306636333538653936653563663235616235653739306136313162666533313261313737
61663032353664623861656431616636323636653939623362663036366464313635303366343461
37653838343263326533373465666661303564386462616335643563313733636432613364303633
33303731366134393365613733653764623935306663303133323333636130323334396338303332
64393030393033366339323930346234306532313338323163366432613130336338313131306463
38343338613334333264666461633638663363393961646662353934343231393963333562313362
30333863396336383830363135636437623032313732343065663738306635363439343761633736
38373061616332393661663363633132623832323565366230313532306434383036336132663636
33313164643136386635626263623362363061346537396237376532363832346433646131396564
35356564396132646364363133663331646336613463316135616161376537626562363031633065
62313438376639376138616364613338343064393833336531373330653562656563663565636532
30363831353064313537396561626533613165313733656463666338326665373663343931353239
33613338306266663830616663623235313939356137306434323164306137313431333339333131
37646330646134373839306162343635373039653039626130376231613036346635386665656538
61666239333339663838613536656664613636323462346365303234343234336137663034343361
38373364613236663232366266633039366265613739323334613333633530643239663066663739
36386464353634303434383136363830313364333164303333363831393263346233306462366530
35396464653938343532653465383137396134373732633536363631356332396363383537313336
37336335393930363861643930333631616461663934386166643737346266316631633366656138
38373031393836613336383264633936323330613864666635363262626539353066646236643061
61373231356332616562386638623235623630666561623233626632666537333462633437383630
66363766626336353137666435623232313834356435316537376666663466336134353831353234
30623438633330343036373039613734633365613436326435663537343063633961393331653436
37303539333135633335346237373766316338333531643937623434626330656139643834623030
66323666623064393836666334323736643161383864666366663533633632393033313362333863
62353936653266356666303964383263363630353538356433303533396137633266613432656432
33626239353432323634306537623830343034356266393561306133626263346466396266303738
34313863633132336334303636393664656138623433363838623739616139656435663337643161
34373630376363626637323165363863386639333730636266646336363030346536333437646336
35346337656235666635663166343766343265616366393765663534353338653366393139613934
62363731393765316562306265346666363237623062636132323863356537313736663330373466
65386238343532623164373334323934316630343463366530666334626465356634623866343230
32616530633037653934373537376230316231653832326639666239343034396431346537383762
35616434633265616232383336373136326461386366333365356163326466323762353665383737
66303361663438636161623433613838343238333630303033313464633039373630383466626264
65353633346337633833646661666335366563616432663132633433356631626563396134313231
39373861353333383762303763313639393737646139396531653638363830663163323535306665
32393535316136613836343164653363353136653939366661626431633266303837306361356363
62333831383461366139393561326532336433656663373432633566366338393036326266343635
66633932393536303062363737333832646232653534336535383034366463653966393461383165
38333839656337313135643032323931346534653632323062306339303832633264636564316639
64383833626531653862666534393663333132626265613139306637356235623461383737666136
64353761363435623662656364326666356337663938623132343864336338653063306334343137
31366333316666393530393731393930303464333232393136306636356439386132636262616230
36356432373763396466616332383562633731346535363765363630303361633937326363306561
66663064643234656534646438346339356331356564363637656430323233303463396337343864
65623837316362346334376131653162396264623436666363366335326231316232653137353636
36663330656361366261623536643233353464383861326164323065633366313735356164663263
36323132353866303739343436633232383330393061646536313565353837313863386165303264
33666264346663656562313635373932613261373665343362323061666134636637646336656265
35393336613539396634636533373330316235646438353036356136663437633465363139633437
33396630613330363465313964643864303761386433313362663139666435363563643230663864
31663562366636396663353733306337303735653330376566376161663266343234383732326466
37313836383839313437613533616364346336663663343734396532313031323938636662663762
32643835353932363362343137636231653835316462326636626664613738333336336465363736
34383833663066616565353836363363383539613239376361353233386561666237623938356165
61366666353663303765663638653061376538383665363066643262383962373037653934646161
64303665346337383530313834346530383839313961393037626532316662653862383233373164
30316236306335363539343864343661633734366430633036653166316630306134316338623864
39623638333136323636333339616337626466633035373136623336636262373666343662616566
33656136316334663334373933313231633935333763303632653964343333376338613337373964
37373331306332303865656235363364633562306464346431353065623336643136623132386535
30353063383566633930653162343433383066356361376361356532313664653165316131623333
61313335623531623037376538373338656237393633636366376635373032343636373431343435
30326632613865323563623832313934363637653763323065653039386436616561306164353831
66626432643939643839393265393835666665613634326161383766666333366330396437666666
66643635626434313166373766666332656265363738623166613533396538386439323936626565
39613834613163356266653665313363643034373234393063666135343666643037363261386233
33346635343939666532353331313063366630376337306163366661313961623232346132386430
65303965366362616136343530336534323439363762666431313039666137346333383562633365
3730
