$ANSIBLE_VAULT;1.1;AES256
63306438613064343932306662653335343134303964353238643566643839643565373435306338
3235333938363531643761666537653537656235626335630a373037363162383130626661396432
36383166306261353739386338613338643861613736653436623765633462346437663966646263
3731306461616165350a343236333363353061343362643463633135313833346366326663616461
61333435343239616564363738633864653231326131623661663262316566636464343961393234
64386237343061626461616534303333356431646436653430336639383464373961626361343136
35383736383733376534653265666437613032353262376435316531633037363665323565653832
34643938343039653838633463383563643233643936623334356235393534653961653531313538
37386532663836393563326564376432393732363463356530373433313934326333623335376438
32393238386465333862353463346465616262623561343061366463643331303737356365353363
39316564313137626138613462326666613363376465623362636330613030383631613035336565
38383762376466623563623366303237373964643035323732353538386566356336376432333766
64376536336538623932356461636661643034643433393330646136666464626531613735343161
62393263633834306365323538323465333333646338643636643363323734336164373861653535
63303530363834386631643466623031326262306465313830616531323565343665643961353136
65623032346130616361313538323930353531363333363134663031303034343063376161313365
34303734373661376333303763323366343534373335623337323763653139656537
