$ANSIBLE_VAULT;1.1;AES256
30333737633464613339646665613731356530306461313432303964343338636236353963636562
3436373739666663353135616430303536623833313164380a316636356662353363623930383736
39336366363933623463613138376565363862333862663131616666336537343531353032393664
3666323764653861610a343566643562363266366139373239383336616561613131303837663261
66613135303964326332313633303866343439383034643431343536313537396136303834636131
64613961333265323132323634656139323234626265616337336637373265633862656662376364
36613331396235363834363333333436623736633064666334626633353531353666663361373038
30346462323233643730343432636235316262616436393766366163323330646333336362363363
61333964316433613364326432633835306561303464366135313031336338393037353430313935
35623665646236383238386634646439636465643530663930623365646634316331333532623838
30646239616438643564343031623864633664656532326635633961333766313961306134343131
37393435326336373531396339653238653966383331356233343666396133333963306331313366
30303737663636373064316533306636363637396463363938323337633430343131623036383062
61646239343639393464316537613130353033323461316332303630386164386233356533306532
333639623262663232666536353037323730
